Block 0 0 0 0 0 0 
Block 3.25 3.25 0 0 0 104 
Block -3 3.5 0 0 0 258 
Player -0.75 1.5 0 0 0 0 
Piston -3.25 0.6499965 0 0 0 92.99997 
Piston -2 0.6499965 0 0 0 92.99997 
Piston -2.6 0.6499965 0 0 0 92.99997 
Piston -1.400001 0.6499965 0 0 0 92.99997 
Piston -0.7500014 0.6499965 0 0 0 92.99997 
Piston -0.1000013 0.6499965 0 0 0 92.99997 
Piston 0.6999988 0.6499965 0 0 0 92.99997 
Piston 1.449998 0.6499965 0 0 0 92.99997 
Piston 2.499998 0.6499965 0 0 0 92.99997 
Piston 3.299997 0.6499965 0 0 0 92.99997 
Piston 3.649997 0.6499965 0 0 0 92.99997 
Piston 2.049998 0.6499965 0 0 0 92.99997 
Enemy 1.899996 4.1 0 0 0 0 
Enemy -2.700002 2.449996 0 0 0 0 
Enemy -2.200002 2.449996 0 0 0 0 
Enemy -1.600003 2.449996 0 0 0 0 
Enemy -1.000004 2.449996 0 0 0 0 
Enemy -0.6000035 2.449996 0 0 0 0 
Enemy 0.0999966 2.449996 0 0 0 0 
Enemy 0.5999966 2.449996 0 0 0 0 
Enemy 1.199997 2.449996 0 0 0 0 
Enemy 1.799996 2.449996 0 0 0 0 
Enemy 2.349996 2.449996 0 0 0 0 
Enemy 2.999995 2.449996 0 0 0 0 
Enemy 2.199996 3.399996 0 0 0 0 
Enemy 1.299997 4.349996 0 0 0 0 
Enemy 0.6999968 4.349996 0 0 0 0 
Enemy 0.1499967 4.349996 0 0 0 0 
Enemy -0.4000033 4.349996 0 0 0 0 
Enemy -0.9500034 4.349996 0 0 0 0 
Enemy -1.500003 4.349996 0 0 0 0 
Enemy -2.050003 4.099995 0 0 0 0 
Enemy -2.050003 3.849995 0 0 0 0 
Enemy -2.550002 3.599995 0 0 0 0 
Enemy -2.550002 3.149996 0 0 0 0 
Enemy -2.550002 2.999996 0 0 0 0 
Enemy -1.950003 2.999996 0 0 0 0 
Enemy -1.450003 2.999996 0 0 0 0 
Enemy -0.9000036 3.399996 0 0 0 0 
Enemy -0.3000034 3.449996 0 0 0 0 
Enemy 0.3499966 3.449996 0 0 0 0 
Enemy 0.9499967 3.249996 0 0 0 0 
Enemy 1.599996 3.249996 0 0 0 0 
Enemy 1.349996 3.249996 0 0 0 0 
Enemy 0.7499967 3.249996 0 0 0 0 
Enemy 0.04999657 3.249996 0 0 0 0 
Enemy -0.5500035 3.249996 0 0 0 0 
Enemy -1.400003 3.449996 0 0 0 0 
Enemy -0.9000036 3.449996 0 0 0 0 
Enemy -1.200003 3.949995 0 0 0 0 
Enemy -1.350003 3.749995 0 0 0 0 
Enemy -0.3500034 3.299996 0 0 0 0 
Enemy 0.6999967 3.299996 0 0 0 0 
Enemy 1.299996 3.699995 0 0 0 0 
Enemy 1.899996 4.299996 0 0 0 0 
Enemy 1.849996 4.599997 0 0 0 0 
Enemy 1.049997 4.249996 0 0 0 0 
Enemy 3.249995 1.299998 0 0 0 0 
Enemy 2.649995 1.299998 0 0 0 0 
Enemy 1.999996 1.299998 0 0 0 0 
Enemy 1.399997 1.549997 0 0 0 0 
Enemy 0.7999968 1.549997 0 0 0 0 
Enemy 0.1999967 1.549997 0 0 0 0 
Enemy -0.3500033 1.549997 0 0 0 0 
Enemy -0.9500034 1.549997 0 0 0 0 
Enemy -1.600003 1.549997 0 0 0 0 
Enemy -2.200002 1.549997 0 0 0 0 
Enemy -2.800002 1.549997 0 0 0 0 
Enemy -2.100003 1.549997 0 0 0 0 
Enemy -1.500003 1.549997 0 0 0 0 
Enemy -0.8500035 1.949997 0 0 0 0 
Enemy -0.2000034 2.099997 0 0 0 0 
Enemy 0.5499966 1.849997 0 0 0 0 
Enemy 1.149997 1.849997 0 0 0 0 
Enemy 1.849996 2.199997 0 0 0 0 
Enemy 2.699995 2.599996 0 0 0 0 
Enemy 2.699995 2.899996 0 0 0 0 
Enemy 2.699995 3.199996 0 0 0 0 
Enemy 2.699995 3.949995 0 0 0 0 
Enemy 2.399996 4.749998 0 0 0 0 
Spike -1.8 5.75 0 0 0 180 
Spike -0.8000011 5.75 0 0 0 180 
Spike 0.199999 5.75 0 0 0 180 
Spike 1.199999 5.75 0 0 0 180 
Spike 2.149998 5.75 0 0 0 180 
