Block 0 -2.25 0 0 0 0 25 2 
Block 4.25 1.65 0 0 0 90.00001 25.89999 1.400001 
Block -4.049999 1.65 0 0 0 90.00001 25.89999 1.400001 
Block 0.1000006 6.000001 0 0 0 180 25.89999 1.400001 
Player 0.1000006 1.750001 0 0 0 0 1 1 
Piston -3.649999 -2.199998 0 0 0 90.00001 -4 4 
Piston -2.95 -2.199998 0 0 0 90.00001 -4 4 
Piston -2.25 -2.199998 0 0 0 90.00001 -4 4 
Piston -1.600001 -2.199998 0 0 0 90.00001 -4 4 
Piston -1.000002 -2.199998 0 0 0 90.00001 -4 4 
Piston -0.3000015 -2.199998 0 0 0 90.00001 -4 4 
Piston 0.3499985 -2.199998 0 0 0 90.00001 -4 4 
Piston 1.049999 -2.199998 0 0 0 90.00001 -4 4 
Piston 1.749998 -2.199998 0 0 0 90.00001 -4 4 
Piston 2.399997 -2.199998 0 0 0 90.00001 -4 4 
Piston 3.049997 -2.199998 0 0 0 90.00001 -4 4 
Piston 3.649996 -2.199998 0 0 0 90.00001 -4 4 
Piston 3.999996 -2.199998 0 0 0 90.00001 -4 4 
Piston 4.199996 -1.849997 0 0 0 180 -4 4 
Piston 4.199996 -1.299998 0 0 0 180 -4 4 
Piston 4.199996 -0.7499981 0 0 0 180 -4 4 
Piston 4.199996 -0.049998 0 0 0 180 -4 4 
Piston 4.199996 0.7500021 0 0 0 180 -4 4 
Piston 4.199996 1.450002 0 0 0 180 -4 4 
Piston 4.199996 2.200001 0 0 0 180 -4 4 
Piston 4.199996 2.9 0 0 0 180 -4 4 
Piston 4.199996 3.6 0 0 0 180 -4 4 
Piston 4.199996 4.3 0 0 0 180 -4 4 
Piston 4.199996 4.950003 0 0 0 180 -4 4 
Piston 4.199996 5.550005 0 0 0 180 -4 4 
Piston 3.699995 5.950006 0 0 0 270 -4 4 
Piston 2.999996 5.950006 0 0 0 270 -4 4 
Piston 2.349997 5.950006 0 0 0 270 -4 4 
Piston 1.799997 5.950006 0 0 0 270 -4 4 
Piston 1.199998 5.950006 0 0 0 270 -4 4 
Piston 0.5999977 5.950006 0 0 0 270 -4 4 
Piston -0.1500024 5.950006 0 0 0 270 -4 4 
Piston -0.8000025 5.950006 0 0 0 270 -4 4 
Piston -1.650002 5.950006 0 0 0 270 -4 4 
Piston -2.250001 5.950006 0 0 0 270 -4 4 
Piston -2.850001 5.950006 0 0 0 270 -4 4 
Piston -3.5 5.950006 0 0 0 270 -4 4 
Piston -4.05 5.550005 0 0 0 5.066511E-06 -4 4 
Piston -4.05 5.000003 0 0 0 5.066511E-06 -4 4 
Piston -4.05 4.500001 0 0 0 5.066511E-06 -4 4 
Piston -4.05 4.049999 0 0 0 5.066511E-06 -4 4 
Piston -4.05 3.6 0 0 0 5.066511E-06 -4 4 
Piston -4.05 2.95 0 0 0 5.066511E-06 -4 4 
Piston -4.05 2.700001 0 0 0 5.066511E-06 -4 4 
Piston -4.05 1.950001 0 0 0 5.066511E-06 -4 4 
Piston -4.05 1.250002 0 0 0 5.066511E-06 -4 4 
Piston -4.05 0.550002 0 0 0 5.066511E-06 -4 4 
Piston -4.05 -0.199998 0 0 0 5.066511E-06 -4 4 
Piston -4.05 -0.6999981 0 0 0 5.066511E-06 -4 4 
Piston -4.05 -1.149998 0 0 0 5.066511E-06 -4 4 
Piston -4.05 -1.499998 0 0 0 5.066511E-06 -4 4 
Enemy 1.7 0.8500052 0 0 0 0 1 1 
Enemy 1.15 3.450003 0 0 0 0 1 1 
Enemy -0.5 3.450003 0 0 0 0 1 1 
Enemy -1.2 3.450003 0 0 0 0 1 1 
Enemy -2.199999 3.950002 0 0 0 0 1 1 
Enemy -1.749999 4.750005 0 0 0 0 1 1 
Enemy -0.9499999 4.750005 0 0 0 0 1 1 
Enemy -0.04999978 4.750005 0 0 0 0 1 1 
Enemy 0.8500003 4.750005 0 0 0 0 1 1 
Enemy 1.65 4.750005 0 0 0 0 1 1 
Enemy 2.749999 3.900002 0 0 0 0 1 1 
Enemy 2.749999 2.950003 0 0 0 0 1 1 
Enemy 2.749999 1.950004 0 0 0 0 1 1 
Enemy 2.749999 0.8000052 0 0 0 0 1 1 
Enemy 2.399999 5.073845E-06 0 0 0 0 1 1 
Enemy 1.25 5.073845E-06 0 0 0 0 1 1 
Enemy 0.05000031 5.073845E-06 0 0 0 0 1 1 
Enemy -1.1 5.073845E-06 0 0 0 0 1 1 
Enemy -3.349998 1.400005 0 0 0 0 1 1 
Enemy -2.399999 1.400005 0 0 0 0 1 1 
Enemy -1.35 1.400005 0 0 0 0 1 1 
Enemy -0.3499998 1.400005 0 0 0 0 1 1 
Enemy 0.6500003 1.400005 0 0 0 0 1 1 
Enemy 2.249999 0.3000051 0 0 0 0 1 1 
Enemy 2.249999 -0.3499949 0 0 0 0 1 1 
Enemy 1.85 -0.9999951 0 0 0 0 1 1 
Enemy 0.8000004 -0.9999951 0 0 0 0 1 1 
Enemy -0.2499997 -0.9999951 0 0 0 0 1 1 
Enemy -1.3 -0.9999951 0 0 0 0 1 1 
Enemy -2.249999 -0.9999951 0 0 0 0 1 1 
Enemy -3.449998 -0.4999949 0 0 0 0 1 1 
Enemy -2.299999 -0.1499949 0 0 0 0 1 1 
Enemy -0.9999999 -0.1499949 0 0 0 0 1 1 
Enemy 0.1500002 -0.1499949 0 0 0 0 1 1 
Enemy 1.3 -0.1499949 0 0 0 0 1 1 
Enemy 3.349998 -0.5499949 0 0 0 0 1 1 
Enemy 3.349998 -0.749995 0 0 0 0 1 1 
Enemy 3.349998 -1.149995 0 0 0 0 1 1 
Enemy 2.699999 -1.149995 0 0 0 0 1 1 
Enemy 2.699999 -0.899995 0 0 0 0 1 1 
Enemy 3.349998 0.2500051 0 0 0 0 1 1 
Enemy 2.949999 2.200004 0 0 0 0 1 1 
Enemy 1.9 2.200004 0 0 0 0 1 1 
Enemy 1 2.200004 0 0 0 0 1 1 
Enemy -0.0499997 2.200004 0 0 0 0 1 1 
Enemy -1.649999 2.850003 0 0 0 0 1 1 
Enemy -2.299999 2.850003 0 0 0 0 1 1 
Enemy -3.299998 2.850003 0 0 0 0 1 1 
Enemy -2.899998 3.600003 0 0 0 0 1 1 
Enemy -1.949999 3.750003 0 0 0 0 1 1 
Enemy -0.8499999 3.750003 0 0 0 0 1 1 
Enemy 0.2000002 3.750003 0 0 0 0 1 1 
Enemy 1.15 3.750003 0 0 0 0 1 1 
Enemy 2.699999 2.300004 0 0 0 0 1 1 
Enemy 2.349999 1.200005 0 0 0 0 1 1 
Enemy 2.349999 0.1500051 0 0 0 0 1 1 
Enemy 1.7 -0.2499949 0 0 0 0 1 1 
Enemy 1.7 0.8500052 0 0 0 0 1 1 
Enemy 1.7 0.8500052 0 0 0 0 1 1 
Spike -4.35 -1.799997 0 0 0 0 3 3 
